2000000010	0
2100000003	1
2000000007	2
2000000005	3
2000000009	4
2000000008	5
2100001708	6
2100000114	7
2100000004	8
2100000096	9
2100000155	10
2100000473	11
2100000146	12
2100000670	13
2100000427	14
2100000617	15
2100001812	16
2100000474	17
2100000431	18
2100000190	19
2100000098	20
2100000468	21
2100000109	22
2100000119	23
2100000042	24
2100000041	25
2100000134	26
2100000841	27
2100000056	28
2100002604	29
2100003072	30
2100001506	31
2100000128	32
2100000426	33
2100000924	34
2100000982	35
2100001182	36
2100000432	37
2100000075	38
2100000097	39
2100000523	40
2100000439	41
2100000120	42
2100000989	43
2100000189	44
2100000112	45
2100001443	46
2100000521	47
2100000266	48
2100002067	49
2100002448	50
2100000151	51
2100000423	52
2100000055	53
2100000069	54
2100000062	55
2100000061	56
2100001716	57
2100001603	58
2100002252	59
2100000117	60
2100000105	61
2100000099	62
2100000456	63
2100000257	64
2100000281	65
2100000300	66
2100000852	67
2100000110	68
2100000052	69
2100000219	70
2100000455	71
2100000033	72
2100000118	73
2100000065	74
2100000077	75
2100000066	76
2100000838	77
2100000428	78
2100000470	79
2100000211	80
2100000787	81
2100000563	82
2100002893	83
2100000070	84
2100003194	85
2100002808	86
2100000148	87
2100000558	88
2100000076	89
2100000627	90
2100000628	91
2100000685	92
2100000050	93
2100001362	94
2100000126	95
2100000260	96
2100002558	97
2100000409	98
2100000410	99
2100000748	100
2100001098	101
2100000064	102
2100000479	103
2100000111	104
2100000963	105
2100000509	106
2100000854	107
2100000572	108
2100000161	109
2100000100	110
2100000391	111
2100001342	112
2100000071	113
2100000625	114
2100000440	115
2100000113	116
2100002130	117
2100000657	118
2100001642	119
2100001783	120
2100002072	121
2100000095	122
2100000424	123
2100000282	124
2100000728	125
2100000091	126
2100000115	127
2100002343	128
2100001309	129
2100001310	130
2100000212	131
2100001003	132
2100000855	133
2100000447	134
2100000781	135
2100000668	136
2100001802	137
2100001932	138
2100000586	139
2100000106	140
2100002462	141
2100000448	142
2100002616	143
2100000078	144
2100002178	145
2100002956	146
2100001062	147
2100001325	148
2100000144	149
2100000035	150
2100000046	151
2100000127	152
2100000213	153
2100003157	154
2100001234	155
2100003177	156
2100000152	157
2100000964	158
2100001509	159
2100000614	160
2100000153	161
2100000531	162
2100001839	163
2100000230	164
2100000214	165
2100000842	166
2100000072	167
2100000158	168
2100000159	169
2100000124	170
2100001390	171
2100002118	172
2100000180	173
2100000294	174
2100000172	175
2100000208	176
2100000224	177
2100000228	178
2100000156	179
2100000290	180
2100000188	181
2100000034	182
2100000368	183
2100000372	184
2100000054	185
2100000602	186
2100000856	187
2100002260	188
2100001292	189
2100000122	190
2100000822	191
2100000116	192
2100000057	193
2100000080	194
2100000084	195
2100000396	196
2100000398	197
2100000412	198
2100000414	199
2100000416	200
2100000430	201
2100000434	202
2100000458	203
2100000464	204
2100000202	205
2100000544	206
2100000554	207
2100000556	208
2100000564	209
2100000552	210
2100000612	211
2100000662	212
2100000698	213
2100000425	214
2100000738	215
2100000484	216
2100000417	217
2100000796	218
2100000664	219
2100000200	220
2100000802	221
2100000826	222
2100000830	223
2100000510	224
2100000846	225
2100000840	226
2100000406	227
2100000864	228
2100000876	229
2100000626	230
2100000886	231
2100000892	232
2100000036	233
2100000918	234
2100000932	235
2100000316	236
2100000174	237
2100000438	238
2100000262	239
2100000944	240
2100000710	241
2100000970	242
2100000980	243
2100000992	244
2100001000	245
2100000418	246
2100000210	247
2100000476	248
2100001038	249
2100001052	250
2100000436	251
2100001076	252
2100000234	253
2100001084	254
2100001086	255
2100000640	256
2100001104	257
2100001108	258
2100000170	259
2100001132	260
2100001136	261
2100000906	262
2100001142	263
2100001146	264
2100000442	265
2100001154	266
2100000888	267
2100000590	268
2100001166	269
2100001096	270
2100001188	271
2100000592	272
2100000848	273
2100001226	274
2100000690	275
2100001160	276
2100001252	277
2100001256	278
2100001258	279
2100001262	280
2100000044	281
2100000652	282
2100001288	283
2100001294	284
2100001326	285
2100000684	286
2100001354	287
2100001360	288
2100000482	289
2100001196	290
2100000766	291
2100000130	292
2100001412	293
2100001420	294
2100000244	295
2100001304	296
2100001476	297
2100001482	298
2100001486	299
2100001490	300
2100001498	301
2100000821	302
2100001502	303
2100001504	304
2100000588	305
2100000538	306
2100001524	307
2100001532	308
2100001030	309
2100000828	310
2100000142	311
2100000164	312
2100000504	313
2100001636	314
2100001214	315
2100000768	316
2100001660	317
2100001088	318
2100001680	319
2100001584	320
2100001688	321
2100001690	322
2100000092	323
2100000138	324
2100000858	325
2100001692	326
2100000666	327
2100000974	328
2100000132	329
2100001704	330
2100001456	331
2100000222	332
2100000746	333
2100001728	334
2100001734	335
2100001738	336
2100001740	337
2100001742	338
2100001744	339
2100001748	340
2100001750	341
2100000204	342
2100002088	343
2100002290	344
2100002306	345
2100002310	346
2100002326	347
2100000930	348
2100002332	349
2100000528	350
2100000990	351
2100001756	352
2100000467	353
2100000772	354
2100002378	355
2100002386	356
2100002394	357
2100000532	358
2100000706	359
2100002402	360
2100002012	361
2100000782	362
2100001034	363
2100000672	364
2100002426	365
2100002446	366
2100000264	367
2100002466	368
2100002468	369
2100002470	370
2100001106	371
2100000512	372
2100002358	373
2100001864	374
2100002484	375
2100001736	376
2100002486	377
2100000140	378
2100000562	379
2100002404	380
2100002500	381
2100002502	382
2100002350	383
2100002508	384
2100000686	385
2100000392	386
2100002542	387
2100001300	388
2100002556	389
2100000812	390
2100002564	391
2100002566	392
2100002580	393
2100002592	394
2100002594	395
2100000770	396
2100001338	397
2100002630	398
2100000481	399
2100001557	400
2100002411	401
2100000847	402
2100000623	403
2100000187	404
2100002857	405
2100002588	406
2100002852	407
2100000441	408
2100000209	409
2100002861	410
2100002863	411
2100000637	412
2100000176	413
2100001138	414
2100002779	415
2100000535	416
2100000201	417
2100000505	418
2100003158	419
2100002865	420
2100002482	421
2100001940	422
2100001494	423
2100000649	424
2100001063	425
2100000624	426
2100000499	427
2100002868	428
2100000485	429
2100000896	430
2100002869	431
2100002797	432
2100002867	433
2100000630	434
2100000313	435
2100000045	436
2100002774	437
2100000259	438
2100000276	439
2100000314	440
2100000275	441
2100001220	442
2100001832	443
2100001064	444
2100000797	445
2100000776	446
2100001493	447
2100000457	448
2100000745	449
2100001097	450
2100000747	451
2100000503	452
2100000587	453
2100000929	454
2100000827	455
2100001339	456
2100001340	457
2100000801	458
2100002883	459
2100000243	460
2100000619	461
2100001184	462
2100000494	463
2100000082	464
2100000730	465
2000000006	466
2100000678	467
2100000001	468
2100001528	469
2100001290	470
2100000996	471
2100001242	472
2100003088	473
2100000546	474
2100002276	475
2100002904	476
2100000882	477
2100002142	478
2100002522	479
2100001116	480
2100000722	481
2100002674	482
2100003018	483
2100002412	484
2100000256	485
2100001350	486
2100001566	487
2100002642	488
2100001474	489
2100001320	490
2100002440	491
2100001638	492
2100000908	493
2100000622	494
2100001478	495
2100000108	496
2100003068	497
2100002740	498
2100000326	499
2100001430	500
2100003100	501
2100001618	502
2100003112	503
2100002686	504
2100001570	505
2100001126	506
2100003122	507
2100003126	508
2100002780	509
2100003136	510
2100001238	511
2100003146	512
2100002612	513
2100000220	514
2100002618	515
2100001960	516
2100002634	517
2100000320	518
2100002664	519
2100002666	520
2100000712	521
2100000560	522
2100002668	523
2100000240	524
2100000500	525
2100000252	526
2100002692	527
2100002698	528
2100002704	529
2100002708	530
2100002716	531
2100002722	532
2100001569	533
2100000620	534
2100002734	535
2100002736	536
2100001616	537
2100001696	538
2100000682	539
2100000824	540
2100000799	541
2100001830	542
2100000169	543
2100000399	544
2100002796	545
2100002812	546
2100000293	547
2100002584	548
2100001558	549
2100000506	550
2100002884	551
2100002186	552
2100002886	553
2100001028	554
2100002344	555
2100000650	556
2100002920	557
2100001361	558
2100000557	559
2100002934	560
2100002946	561
2100002950	562
2100002086	563
2100002958	564
2100001058	565
2100000800	566
2100001462	567
2100002970	568
2100002976	569
2100000638	570
2100003004	571
2100003006	572
2100002282	573
2100003026	574
2100003032	575
2100001840	576
2100001662	577
2100001540	578
2100000594	579
2100003050	580
2100003052	581
2100003056	582
2100000166	583
2100000688	584
2100001372	585
2100003208	586
2100000002	587
2100002646	588
2100000870	589
2100000752	590
2100000788	591
2100000121	592
2100002228	593
2100000873	594
2100002906	595
2100000875	596
2100000877	597
2100000480	598
2100000133	599
2100000879	600
2100000880	601
2100000233	602
2100000881	603
2100000807	604
2100001298	605
2100000125	606
2100002330	607
2100000589	608
2100000883	609
2100000533	610
2100000226	611
2100000049	612
2100000889	613
2100000891	614
2100000895	615
2100000897	616
2100000853	617
2100000893	618
2100000675	619
2100000901	620
2100000871	621
2100000903	622
2100000907	623
2100000792	624
2100000405	625
2100000370	626
2100000905	627
2100000794	628
2100000909	629
2100001676	630
2100000107	631
2100000913	632
2100000911	633
2100000917	634
2100000915	635
2100000919	636
2100000083	637
2100000923	638
2100000925	639
2100000927	640
2100000074	641
2100000808	642
2100000051	643
2100000931	644
2100000933	645
2100000935	646
2100000937	647
2100000938	648
2100000941	649
2100001543	650
2100000435	651
2100001066	652
2100000739	653
2100000949	654
2100000947	655
2100002034	656
2100000793	657
2100000952	658
2100000951	659
2100000959	660
2100000957	661
2100002284	662
2100000955	663
2100000953	664
2100000961	665
2100000545	666
2100000508	667
2100001006	668
2100000863	669
2100002628	670
2100000965	671
2100000702	672
2100001402	673
2100001378	674
2100000820	675
2100000369	676
2100003011	677
2100000969	678
2100000971	679
2100000677	680
2100000751	681
2100002424	682
2100000851	683
2100000585	684
2100000665	685
2100000536	686
2100000975	687
2100000663	688
2100000669	689
2100000667	690
2100000985	691
2100000987	692
2100000145	693
2100000991	694
2100000491	695
2100000998	696
2100000993	697
2100002822	698
2100000995	699
2100001001	700
2100000175	701
2100002908	702
2100000102	703
2100003038	704
2100000207	705
2100001007	706
2100000223	707
2100000229	708
2100001005	709
2100003008	710
2100001009	711
2100001011	712
2100000143	713
2100000559	714
2100000561	715
2100000576	716
2100002842	717
2100003130	718
2100001021	719
2100000163	720
2100001035	721
2100001033	722
2100000843	723
2100002064	724
2100001040	725
2100000713	726
2100000715	727
2100000591	728
2100001044	729
2100001416	730
2100001043	731
2100001045	732
2100001048	733
2100001047	734
2100000709	735
2100001049	736
2100001046	737
2100002712	738
2100001057	739
2100001015	740
2100001041	741
2100001060	742
2100001061	743
2100000687	744
2100000199	745
2100000197	746
2100000783	747
2100003149	748
2100001065	749
2100001072	750
2100001894	751
2100000216	752
2100002638	753
2100003089	754
2100002739	755
2100000720	756
2100000697	757
2100000437	758
2100001085	759
2100000639	760
2100000946	761
2100000048	762
2100001089	763
2100002112	764
2100001093	765
2100000381	766
2100000265	767
2100001920	768
2100000716	769
2100000382	770
2100001099	771
2100001103	772
2100000758	773
2100001216	774
2100001107	775
2100002938	776
2100001111	777
2100001124	778
2100001113	779
2100002292	780
2100002836	781
2100001119	782
2100000367	783
2100001117	784
2100001123	785
2100001121	786
2100001122	787
2100001125	788
2100001127	789
2100001228	790
2100002116	791
2100000463	792
2100002743	793
2100001140	794
2100000633	795
2100000634	796
2100000825	797
2100001143	798
2100001141	799
2100001145	800
2100001148	801
2100001147	802
2100000707	803
2100000475	804
2100001151	805
2100000537	806
2100001388	807
2100000693	808
2100001604	809
2100001192	810
2100000548	811
2100001164	812
2100001176	813
2100000676	814
2100001161	815
2100001826	816
2100001171	817
2100001168	818
2100000727	819
2100000689	820
2100001173	821
2100001185	822
2100000443	823
2100001193	824
2100001200	825
2100001198	826
2100001199	827
2100000469	828
2100000492	829
2100001284	830
2100001211	831
2100000334	832
2100001205	833
2100001207	834
2100001203	835
2100001209	836
2100000251	837
2100001213	838
2100001223	839
2100001218	840
2100002994	841
2100001225	842
2100000791	843
2100001227	844
2100000565	845
2100001450	846
2100001906	847
2100002298	848
2100000866	849
2100000186	850
2100001235	851
2100000555	852
2100001092	853
2100001237	854
2100000198	855
2100001243	856
2100001245	857
2100001248	858
2100001249	859
2100001247	860
2100000395	861
2100000651	862
2100001518	863
2100000415	864
2100000245	865
2100003137	866
2100003119	867
2100003117	868
2100000613	869
2100001664	870
2100003121	871
2100003127	872
2100003150	873
2100000986	874
2100003129	875
2100002460	876
2100000553	877
2100003133	878
2100001389	879
2100002083	880
2100002227	881
2100000526	882
2100000701	883
2100002862	884
2100000420	885
2100003092	886
2100001473	887
2100001105	888
2100000261	889
2100000339	890
2100003162	891
2100000814	892
2100000711	893
2100003093	894
2100001212	895
2100000507	896
2100001433	897
2100000333	898
2100001811	899
2100000775	900
2100000810	901
2100000681	902
2100001759	903
2100000958	904
2100002513	905
2100003184	906
2100000898	907
2100000248	908
2100000063	909
2100000315	910
2100001512	911
2100000780	912
2100003103	913
2100001726	914
2100002099	915
2100001515	916
2100003105	917
2100001617	918
2100000671	919
2100003098	920
2100003156	921
2100000515	922
2100001297	923
2100002653	924
2100003113	925
2100002524	926
2100003096	927
2100000525	928
2100000527	929
2100000618	930
2100002449	931
2100002771	932
2100002773	933
2100000068	934
2100000422	935
2100002777	936
2100002244	937
2100001933	938
2100000053	939
2100002785	940
2100000760	941
2100003110	942
2100002795	943
2100002793	944
2100000497	945
2100000364	946
2100002806	947
2100000983	948
2100001452	949
2100000703	950
2100002807	951
2100002207	952
2100000534	953
2100002896	954
2100000779	955
2100001102	956
2100002811	957
2100002817	958
2100002815	959
2100001159	960
2100002819	961
2100002314	962
2100002760	963
2100003036	964
2100002829	965
2100000708	966
2100002226	967
2100002832	968
2100001115	969
2100001118	970
2100002835	971
2100000714	972
2100002838	973
2100001170	974
2100000767	975
2100001941	976
2100001446	977
2100000522	978
2100000940	979
2100001261	980
2100001799	981
2100001947	982
2100002161	983
2100000147	984
2100000149	985
2100001411	986
2100000683	987
2100002160	988
2100001661	989
2100002100	990
2100001957	991
2100001299	992
2100001963	993
2100001202	994
2100001964	995
2100002011	996
2100000131	997
2100001967	998
2100001997	999
2100000894	1000
2100000691	1001
2100001165	1002
2100000784	1003
2100001999	1004
2100001233	1005
2100000694	1006
2100002015	1007
2100002017	1008
2100001815	1009
2100002000	1010
2100002029	1011
2100000997	1012
2100001523	1013
2100001172	1014
2100002036	1015
2100001417	1016
2100002039	1017
2100001358	1018
2100002045	1019
2100002047	1020
2100002050	1021
2100002049	1022
2100001510	1023
2100001366	1024
2100000380	1025
2100002051	1026
2100000632	1027
2100002055	1028
2100003070	1029
2100002152	1030
2100002061	1031
2100002063	1032
2100001729	1033
2100000498	1034
2100002610	1035
2100002065	1036
2100001461	1037
2100001367	1038
2100001784	1039
2100001825	1040
2100002447	1041
2100002445	1042
2100002068	1043
2100002073	1044
2100002107	1045
2100002109	1046
2100001905	1047
2100000182	1048
2100002110	1049
2100003094	1050
2100002115	1051
2100002113	1052
2100001647	1053
2100001436	1054
2100001844	1055
2100002119	1056
2100000299	1057
2100002121	1058
2100002123	1059
2100002125	1060
2100002127	1061
2100002129	1062
2100002133	1063
2100002131	1064
2100003148	1065
2100002141	1066
2100002144	1067
2100001962	1068
2100002143	1069
2100000551	1070
2100001551	1071
2100001465	1072
2100002114	1073
2100002184	1074
2100002145	1075
2100000258	1076
2100000279	1077
2100001175	1078
2100002450	1079
2100000047	1080
2100001250	1081
2100001244	1082
2100000466	1083
2100000150	1084
2100000162	1085
2100000171	1086
2100000185	1087
2100000988	1088
2100000352	1089
2100000310	1090
2100000390	1091
2100000246	1092
2100000408	1093
2100000407	1094
2100000413	1095
2100000459	1096
2100000574	1097
2100000605	1098
2100000357	1099
2100000094	1100
2100000093	1101
2100000763	1102
2100000769	1103
2100000795	1104
2100000798	1105
2100000839	1106
2100002422	1107
2100000778	1108
2100000943	1109
2100000979	1110
2100001023	1111
2100001236	1112
2100003202	1113
2100001155	1114
2100001195	1115
2100001197	1116
2100000857	1117
2100001255	1118
2100001265	1119
2100000043	1120
2100001278	1121
2100000362	1122
2100000173	1123
2100001404	1124
2100002210	1125
2100000673	1126
2100001511	1127
2100001568	1128
2100001567	1129
2100001868	1130
2100001635	1131
2100001667	1132
2100001669	1133
2100001675	1134
2100001685	1135
2100001546	1136
2100001042	1137
2100003174	1138
2100003178	1139
2100000520	1140
2100003192	1141
2100001760	1142
2100001330	1143
2100001666	1144
2100003020	1145
2100002148	1146
2100001328	1147
2100000962	1148
2100003186	1149
2100002685	1150
2100000136	1151
2100001322	1152
2100001018	1153
2100000483	1154
2100002138	1155
2100002151	1156
2100000759	1157
2100002430	1158
2100002235	1159
2100001713	1160
2100001375	1161
2100000661	1162
2100002266	1163
2100000916	1164
2100001702	1165
2100000079	1166
2100000771	1167
2100002172	1168
2100002333	1169
2100000570	1170
2100000580	1171
2100002354	1172
2100000582	1173
2100001029	1174
2100000179	1175
2100001266	1176
2100000177	1177
2100000749	1178
2100001701	1179
2100000141	1180
2100000218	1181
2100002437	1182
2100000217	1183
2100002025	1184
2100002026	1185
2100002477	1186
2100000280	1187
2100001368	1188
2100002349	1189
2100002517	1190
2100000215	1191
2100002579	1192
2100002583	1193
2100002585	1194
2100002593	1195
2100002595	1196
2100001230	1197
2100002463	1198
2100001327	1199
2100002606	1200
2100001599	1201
2100002613	1202
2100002615	1203
2100001976	1204
2100002625	1205
2100000384	1206
2100001583	1207
2100002649	1208
2100001637	1209
2100002693	1210
2100002126	1211
2100002711	1212
2100002341	1213
2100002721	1214
2100002096	1215
2100002820	1216
2100002759	1217
2100002357	1218
2100001459	1219
2100001758	1220
2100001768	1221
2100001770	1222
2100001772	1223
2100001778	1224
2100001786	1225
2100001800	1226
2100001818	1227
2100001820	1228
2100001824	1229
2100001828	1230
2100001834	1231
2100001838	1232
2100001846	1233
2100001856	1234
2100001862	1235
2100001600	1236
2100001902	1237
2100001914	1238
2100001944	1239
2100001952	1240
2100001992	1241
2100001994	1242
2100002104	1243
2100001580	1244
2100000154	1245
2100001544	1246
2100002124	1247
2100002198	1248
2100002224	1249
2100002240	1250
2100002168	1251
2100002074	1252
2100000740	1253
2100001500	1254
2100002122	1255
2100000887	1256
2100001129	1257
2100001241	1258
2100000643	1259
2100001946	1260
2100001843	1261
2100001477	1262
2100001020	1263
2100002272	1264
2100002181	1265
2100002169	1266
2100002237	1267
2100002331	1268
2100001691	1269
2100002834	1270
2100002794	1271
2100002518	1272
2100002536	1273
2100002574	1274
2100002702	1275
2100000486	1276
2100002654	1277
2100002192	1278
2100000203	1279
2100000721	1280
2100003131	1281
2100002084	1282
2100003198	1283
2100002578	1284
2100002730	1285
2100001650	1286
2100002434	1287
2100001050	1288
2100002346	1289
2100002572	1290
2100000089	1291
2100002200	1292
2100000101	1293
2100000103	1294
2100000123	1295
2100000059	1296
2100000087	1297
2100000167	1298
2100000193	1299
2100000206	1300
2100000397	1301
2100000978	1302
2100000514	1303
2100000540	1304
2100001700	1305
2100000653	1306
2100002996	1307
2100000737	1308
2100000777	1309
2100000811	1310
2100000819	1311
2100000829	1312
2100001536	1313
2100000885	1314
2100000912	1315
2100000872	1316
2100000939	1317
2100000945	1318
2100000790	1319
2100000400	1320
2100001598	1321
2100000999	1322
2100000608	1323
2100000607	1324
2100001027	1325
2100001712	1326
2100001036	1327
2100001051	1328
2100000948	1329
2100001054	1330
2100001924	1331
2100001053	1332
2100001055	1333
2100001016	1334
2100001069	1335
2100001067	1336
2100001075	1337
2100003204	1338
2100001087	1339
2100000928	1340
2100001101	1341
2100001112	1342
2100001114	1343
2100001724	1344
2100001133	1345
2100001930	1346
2100001144	1347
2100002366	1348
2100000566	1349
2100001163	1350
2100001169	1351
2100001167	1352
2100001187	1353
2100001191	1354
2100002202	1355
2100002490	1356
2100001217	1357
2100000129	1358
2100001896	1359
2100002150	1360
2100001253	1361
2100001291	1362
2100001289	1363
2100001293	1364
2100001295	1365
2100001307	1366
2100001308	1367
2100000038	1368
2100001315	1369
2100001017	1370
2100001341	1371
2100001346	1372
2100001082	1373
2100001357	1374
2100001359	1375
2100001365	1376
2100001373	1377
2100001376	1378
2100001386	1379
2100001408	1380
2100001380	1381
2100001398	1382
2100001382	1383
2100000805	1384
2100000806	1385
2100002726	1386
2100001444	1387
2100001442	1388
2100001440	1389
2100001449	1390
2100002054	1391
2100001475	1392
2100001056	1393
2100001428	1394
2100002396	1395
2100001495	1396
2100001497	1397
2100002024	1398
2100001541	1399
2100001574	1400
2100001545	1401
2100001554	1402
2100000718	1403
2100001626	1404
2100001572	1405
2100001587	1406
2100001588	1407
2100001589	1408
2100001590	1409
2100001565	1410
2100001317	1411
2100000478	1412
2100001780	1413
2100001620	1414
2100001622	1415
2100001624	1416
2100001128	1417
2100001640	1418
2100001663	1419
2100001687	1420
2100001689	1421
2100002322	1422
2100001693	1423
2100000081	1424
2100000750	1425
2100001697	1426
2100001699	1427
2100001710	1428
2100002952	1429
2100001019	1430
2100002776	1431
2100001751	1432
2100002308	1433
2100001773	1434
2100000181	1435
2100002390	1436
2100001790	1437
2100001801	1438
2100002220	1439
2100000221	1440
2100001850	1441
2100001908	1442
2100001336	1443
2100001907	1444
2100002623	1445
2100000496	1446
2100001929	1447
2100001460	1448
2100001950	1449
2100001527	1450
2100001951	1451
2100003062	1452
2100000976	1453
2100001989	1454
2100001987	1455
2100001993	1456
2100000644	1457
2100002010	1458
2100003108	1459
2100002013	1460
2100002021	1461
2100002033	1462
2100002031	1463
2100000762	1464
2100002041	1465
2100002043	1466
2100001776	1467
2100002071	1468
2100002085	1469
2100002105	1470
2100002700	1471
2100002108	1472
2100000547	1473
2100000139	1474
2100002136	1475
2100002134	1476
2100002170	1477
2100001303	1478
2100002176	1479
2100002189	1480
2100002193	1481
2100002201	1482
2100002203	1483
2100000611	1484
2100002196	1485
2100002217	1486
2100002221	1487
2100000658	1488
2100002247	1489
2100002016	1490
2100002614	1491
2100002302	1492
2100002261	1493
2100002289	1494
2100002309	1495
2100002317	1496
2100002319	1497
2100001754	1498
2100002409	1499
2100002387	1500
2100001183	1501
2100000621	1502
2100002406	1503
2100001135	1504
2100002407	1505
2100001004	1506
2100002418	1507
2100000603	1508
2100002433	1509
2100000444	1510
2100002443	1511
2100000263	1512
2100002471	1513
2100000247	1514
2100000511	1515
2100003058	1516
2100002479	1517
2100002280	1518
2100001329	1519
2100000700	1520
2100002534	1521
2100000168	1522
2100002553	1523
2100002565	1524
2100002563	1525
2100000809	1526
2100000934	1527
2100002605	1528
2100002617	1529
2100003124	1530
2100000490	1531
2100002641	1532
2100001434	1533
2100000324	1534
2100002703	1535
2100002316	1536
2100002723	1537
2100002030	1538
2100002731	1539
2100002746	1540
2100002149	1541
2100001080	1542
2100002767	1543
2100001991	1544
2100001995	1545
2100002787	1546
2100002791	1547
2100001387	1548
2100002816	1549
2100002821	1550
2100002823	1551
2100002878	1552
2100002087	1553
2100002710	1554
2100003010	1555
2100001466	1556
2100001031	1557
2100000374	1558
2100002940	1559
2100001484	1560
2100002916	1561
2100002929	1562
2100001612	1563
2100002949	1564
2100001707	1565
2100002120	1566
2100002955	1567
2100001723	1568
2100002461	1569
2100001746	1570
2100001345	1571
2100002980	1572
2100001344	1573
2100003003	1574
2100003017	1575
2100003029	1576
2100003138	1577
2100003042	1578
2100001966	1579
2100003047	1580
2100003049	1581
2100003053	1582
2100002912	1583
2100002082	1584
2100003065	1585
2100002362	1586
2100003115	1587
2100001611	1588
2100000956	1589
2100003180	1590
2100003101	1591
2100003102	1592
2100003035	1593
2100002986	1594
2100003142	1595
2100003066	1596
2100003144	1597
2100002019	1598
2100003169	1599
2100002965	1600
2100002966	1601
2100000519	1602
2100003200	1603
2100003210	1604
2100002040	1605
2100002619	1606
2100002620	1607
2100001134	1608
2100002472	1609
2100001530	1610
2100000972	1611
2100001996	1612
2100002831	1613
2100001094	1614
2100002915	1615
2100002917	1616
2100002913	1617
2100000319	1618
2100002953	1619
2100002014	1620
2100002028	1621
2100002032	1622
2100000890	1623
2100002044	1624
2100000904	1625
2100002078	1626
2100001130	1627
2100002866	1628
2100001190	1629
2100002328	1630
2100000472	1631
2100002582	1632
2100002670	1633
2100001468	1634
2100001496	1635
2100002694	1636
2100002166	1637
2100000312	1638
2100000183	1639
2100000530	1640
2100000567	1641
2100000593	1642
2100000597	1643
2100000088	1644
2100000789	1645
2100000460	1646
2100002902	1647
2100001079	1648
2100000884	1649
2100000328	1650
2100001343	1651
2100001419	1652
2100001458	1653
2100002381	1654
2100001489	1655
2100001487	1656
2100001503	1657
2100001521	1658
2100001519	1659
2100001542	1660
2100001232	1661
2100000067	1662
2100001665	1663
2100001677	1664
2100002464	1665
2100001435	1666
2100001705	1667
2100001916	1668
2100001813	1669
2100001860	1670
2100001678	1671
2100002392	1672
2100002111	1673
2100001886	1674
2100000090	1675
2100001156	1676
2100002216	1677
2100002246	1678
2100001120	1679
2100002305	1680
2100002351	1681
2100001467	1682
2100000270	1683
2100002385	1684
2100001822	1685
2100002342	1686
2100002501	1687
2100001836	1688
2100002577	1689
2100002856	1690
2100002607	1691
2100002609	1692
2100001752	1693
2100001831	1694
2100001648	1695
2100003085	1696
2100002697	1697
2100002735	1698
2100001615	1699
2100002782	1700
2100002789	1701
2100000704	1702
2100002833	1703
2100002860	1704
2100002185	1705
2100001219	1706
2100002905	1707
2100002935	1708
2100002926	1709
2100002951	1710
2100001610	1711
2100002989	1712
2100002990	1713
2100001012	1714
2100003002	1715
2100003025	1716
2100003061	1717
2100003069	1718
2100003051	1719
2100002728	1720
2100002748	1721
2100001900	1722
2100001356	1723
2100001032	1724
2100000250	1725
2100001472	1726
2100001481	1727
2100001479	1728
2100000942	1729
2100001483	1730
2100001499	1731
2100001501	1732
2100003074	1733
2100001508	1734
2100001215	1735
2100000910	1736
2100001533	1737
2100001531	1738
2100001525	1739
2100001529	1740
2100000325	1741
2100001548	1742
2100002724	1743
2100001537	1744
2100001550	1745
2100001514	1746
2100000225	1747
2100001561	1748
2100001563	1749
2100001095	1750
2100001324	1751
2100001571	1752
2100001578	1753
2100002035	1754
2100001581	1755
2100002038	1756
2100002037	1757
2100001674	1758
2100001582	1759
2100002419	1760
2100001312	1761
2100000596	1762
2100002222	1763
2100001591	1764
2100001595	1765
2100001597	1766
2100001601	1767
2100001609	1768
2100002352	1769
2100001779	1770
2100001614	1771
2100002004	1772
2100001139	1773
2100002872	1774
2100000340	1775
2100002882	1776
2100001153	1777
2100001619	1778
2100000717	1779
2100001625	1780
2100001623	1781
2100001621	1782
2100001627	1783
2100000377	1784
2100001181	1785
2100001463	1786
2100001464	1787
2100001629	1788
2100001630	1789
2100001631	1790
2100001633	1791
2100001656	1792
2100001654	1793
2100002998	1794
2100002676	1795
2100001671	1796
2100001722	1797
2100001681	1798
2100001684	1799
2100003139	1800
2100001673	1801
2100001422	1802
2100002571	1803
2100003141	1804
2100003145	1805
2100003147	1806
2100000137	1807
2100003151	1808
2100000239	1809
2100002132	1810
2100001686	1811
2100002968	1812
2100003155	1813
2100003170	1814
2100002656	1815
2100003171	1816
2100002506	1817
2100003173	1818
2100003189	1819
2100003181	1820
2100003179	1821
2100003183	1822
2100003185	1823
2100003187	1824
2100000104	1825
2100003193	1826
2100002814	1827
2100003195	1828
2100003203	1829
2100003205	1830
2100003207	1831
2100001010	1832
2100003209	1833
2100003211	1834
2100003213	1835
2100001817	1836
2100001959	1837
2100001670	1838
2100002436	1839
2100000823	1840
2100001131	1841
2100001149	1842
2100001229	1843
2100001251	1844
2100000604	1845
2100001485	1846
2100001516	1847
2100000754	1848
2100001668	1849
2100000516	1850
2100001025	1851
2100001026	1852
2100000452	1853
2100002009	1854
2100002163	1855
2100002432	1856
2100001369	1857
2100001371	1858
2100002248	1859
2100001091	1860
2100002927	1861
2100001070	1862
2100001845	1863
2100002027	1864
2100002137	1865
2100002139	1866
2100001837	1867
2100000194	1868
2100000606	1869
2100002438	1870
2100002444	1871
2100000610	1872
2100000165	1873
2100000191	1874
2100001632	1875
2100000272	1876
2100000298	1877
2100000378	1878
2100000236	1879
2100000288	1880
2100000274	1881
2100000350	1882
2100000353	1883
2100000355	1884
2100001268	1885
2100000394	1886
2100000393	1887
2100000403	1888
2100001792	1889
2100000419	1890
2100000421	1891
2100000429	1892
2100001865	1893
2100001794	1894
2100000445	1895
2100000451	1896
2100000453	1897
2100000461	1898
2100000465	1899
2100000471	1900
2100000477	1901
2100000462	1902
2100000487	1903
2100000495	1904
2100000501	1905
2100000502	1906
2100002370	1907
2100001718	1908
2100000524	1909
2100000513	1910
2100000518	1911
2100000517	1912
2100002318	1913
2100000541	1914
2100000539	1915
2100000543	1916
2100000573	1917
2100000569	1918
2100000575	1919
2100000583	1920
2100000577	1921
2100000581	1922
2100000595	1923
2100000598	1924
2100001706	1925
2100000599	1926
2100000601	1927
2100000358	1928
2100000629	1929
2100000631	1930
2100000635	1931
2100002562	1932
2100002752	1933
2100000641	1934
2100000647	1935
2100000655	1936
2100000660	1937
2100000659	1938
2100000679	1939
2100002214	1940
2100000695	1941
2100000705	1942
2100000725	1943
2100000729	1944
2100000255	1945
2100000733	1946
2100000731	1947
2100000735	1948
2100000743	1949
2100000741	1950
2100000756	1951
2100000755	1952
2100000757	1953
2100000761	1954
2100001538	1955
2100002660	1956
2100000642	1957
2100002459	1958
2100001874	1959
2100000803	1960
2100000813	1961
2100000450	1962
2100000835	1963
2100002826	1964
2100000831	1965
2100002825	1966
2100000836	1967
2100000837	1968
2100002062	1969
2100001730	1970
2100000845	1971
2100003206	1972
2100000861	1973
2100000867	1974
2100001863	1975
2100001880	1976
2100001628	1977
2100001893	1978
2100001364	1979
2100001895	1980
2100002608	1981
2100001897	1982
2100001829	1983
2100001901	1984
2100001899	1985
2100001909	1986
2100001911	1987
2100001913	1988
2100001814	1989
2100001915	1990
2100001917	1991
2100000732	1992
2100001919	1993
2100001848	1994
2100001852	1995
2100003106	1996
2100001925	1997
2100001928	1998
2100001927	1999
2100002954	2000
2100002171	2001
2100001931	2002
2100001866	2003
2100001936	2004
2100001935	2005
2100001988	2006
2100001998	2007
2100000692	2008
2100001585	2009
2100001081	2010
2100001022	2011
2100002075	2012
2100002081	2013
2100002312	2014
2100002848	2015
2100002089	2016
2100002093	2017
2100002091	2018
2100002095	2019
2100002454	2020
2100002103	2021
2100002101	2022
2100002102	2023
2100002762	2024
2100001575	2025
2100002153	2026
2100002155	2027
2100003104	2028
2100002157	2029
2100002159	2030
2100001152	2031
2100001948	2032
2100000786	2033
2100002164	2034
2100002431	2035
2100002165	2036
2100001391	2037
2100002167	2038
2100001392	2039
2100002173	2040
2100001682	2041
2100002177	2042
2100002179	2043
2100002180	2044
2100002187	2045
2100002738	2046
2100002191	2047
2100002195	2048
2100002197	2049
2100002199	2050
2100001592	2051
2100002209	2052
2100002211	2053
2100000696	2054
2100002215	2055
2100000765	2056
2100002229	2057
2100002854	2058
2100002374	2059
2100002231	2060
2100002233	2061
2100000323	2062
2100002239	2063
2100002243	2064
2100002245	2065
2100002251	2066
2100002255	2067
2100002257	2068
2100002259	2069
2100002269	2070
2100001480	2071
2100002285	2072
2100002287	2073
2100002288	2074
2100002784	2075
2100000844	2076
2100002293	2077
2100001455	2078
2100002299	2079
2100002295	2080
2100002303	2081
2100002297	2082
2100002301	2083
2100001505	2084
2100002304	2085
2100002300	2086
2100002307	2087
2100002311	2088
2100002313	2089
2100002315	2090
2100002325	2091
2100002329	2092
2100002336	2093
2100002339	2094
2100002335	2095
2100002337	2096
2100002359	2097
2100002355	2098
2100002361	2099
2100002828	2100
2100002363	2101
2100002365	2102
2100002974	2103
2100002372	2104
2100002367	2105
2100002371	2106
2100002375	2107
2100002377	2108
2100001418	2109
2100002391	2110
2100002393	2111
2100001426	2112
2100002395	2113
2100002397	2114
2100002962	2115
2100002399	2116
2100001254	2117
2100002414	2118
2100002417	2119
2100002416	2120
2100003054	2121
2100002429	2122
2100002427	2123
2100002236	2124
2100002052	2125
2100002439	2126
2100002441	2127
2100003024	2128
2100002451	2129
2100002456	2130
2100002465	2131
2100002467	2132
2100002469	2133
2100001231	2134
2100002475	2135
2100002650	2136
2100002473	2137
2100002388	2138
2100000600	2139
2100002481	2140
2100001735	2141
2100002483	2142
2100002487	2143
2100002485	2144
2100002499	2145
2100002403	2146
2100003172	2147
2100002503	2148
2100002505	2149
2100002507	2150
2100002323	2151
2100001937	2152
2100002278	2153
2100000960	2154
2100002520	2155
2100002519	2156
2100002340	2157
2100002521	2158
2100002258	2159
2100001641	2160
2100000286	2161
2100002538	2162
2100002535	2163
2100002543	2164
2100002541	2165
2100002539	2166
2100002544	2167
2100002548	2168
2100002547	2169
2100002530	2170
2100002528	2171
2100001639	2172
2100002549	2173
2100002557	2174
2100002559	2175
2100002529	2176
2100002567	2177
2100001286	2178
2100002575	2179
2100002573	2180
2100003140	2181
2100002480	2182
2100002587	2183
2100002591	2184
2100002589	2185
2100002922	2186
2100002597	2187
2100002600	2188
2100002599	2189
2100002601	2190
2100002603	2191
2100002476	2192
2100002611	2193
2100000454	2194
2100000237	2195
2100000241	2196
2100000296	2197
2100000231	2198
2100000344	2199
2100000235	2200
2100000232	2201
2100000238	2202
2100000249	2203
2100000306	2204
2100000284	2205
2100000253	2206
2100000254	2207
2100000269	2208
2100000302	2209
2100000267	2210
2100000292	2211
2100000273	2212
2100000271	2213
2100000277	2214
2100000287	2215
2100000283	2216
2100000289	2217
2100000242	2218
2100000291	2219
2100000268	2220
2100000386	2221
2100002804	2222
2100000307	2223
2100000305	2224
2100000303	2225
2100000301	2226
2100000309	2227
2100000295	2228
2100000297	2229
2100000317	2230
2100000342	2231
2100000388	2232
2100000356	2233
2100000343	2234
2100000347	2235
2100000349	2236
2100000345	2237
2100001280	2238
2100000285	2239
2100000361	2240
2100002800	2241
2100000359	2242
2100002802	2243
2100000365	2244
2100000375	2245
2100000389	2246
2100001274	2247
2100000383	2248
2100000304	2249
2100000360	2250
2100000493	2251
2100000549	2252
2100001956	2253
2100002158	2254
2100002212	2255
2100000723	2256
2100001878	2257
2100000736	2258
2100000764	2259
2100002586	2260
2100000817	2261
2100000815	2262
2100000869	2263
2100002094	2264
2100003014	2265
2100002978	2266
2100000967	2267
2100000571	2268
2100000579	2269
2100001039	2270
2100001059	2271
2100001526	2272
2100001068	2273
2100002242	2274
2100001073	2275
2100002250	2276
2100001137	2277
2100002744	2278
2100001157	2279
2100001177	2280
2100000785	2281
2100000322	2282
2100001269	2283
2100000337	2284
2100000387	2285
2100001271	2286
2100001270	2287
2100001273	2288
2100000346	2289
2100000336	2290
2100000351	2291
2100000354	2292
2100001279	2293
2100001275	2294
2100001277	2295
2100000330	2296
2100000037	2297
2100000039	2298
2100001302	2299
2100001306	2300
2100000680	2301
2100000178	2302
2100001379	2303
2100001385	2304
2100001414	2305
2100001383	2306
2100001377	2307
2100001396	2308
2100001405	2309
2100001393	2310
2100001401	2311
2100001399	2312
2100001395	2313
2100001407	2314
2100001409	2315
2100001413	2316
2100001381	2317
2100000363	2318
2100001429	2319
2100001431	2320
2100001272	2321
2100000376	2322
2100001276	2323
2100000348	2324
2100000338	2325
2100000308	2326
2100001448	2327
2100001441	2328
2100001437	2329
2100001445	2330
2100001447	2331
2100002382	2332
2100001453	2333
2100001469	2334
2100002810	2335
2100001471	2336
2100001491	2337
2100002770	2338
2100001507	2339
2100001549	2340
2100001553	2341
2100001555	2342
2100001926	2343
2100001579	2344
2100001577	2345
2100001573	2346
2100002498	2347
2100001645	2348
2100001649	2349
2100001888	2350
2100000926	2351
2100000060	2352
2100002532	2353
2100001264	2354
2100002458	2355
2100000920	2356
2100001596	2357
2100002098	2358
2100000278	2359
2100001954	2360
2100002478	2361
2100003134	2362
2100002097	2363
2100001727	2364
2100001731	2365
2100000984	2366
2100001775	2367
2100001559	2368
2100001560	2369
2100001782	2370
2100001819	2371
2100001842	2372
2100001961	2373
2100002079	2374
2100000914	2375
2100001753	2376
2100003034	2377
2100002408	2378
2100000196	2379
2100001975	2380
2100002621	2381
2100002627	2382
2100002992	2383
2100002629	2384
2100002635	2385
2100002636	2386
2100002633	2387
2100002645	2388
2100003196	2389
2100002652	2390
2100002048	2391
2100002655	2392
2100002020	2393
2100002659	2394
2100002657	2395
2100002661	2396
2100002813	2397
2100002665	2398
2100002256	2399
2100002671	2400
2100002667	2401
2100002673	2402
2100002678	2403
2100002669	2404
2100001910	2405
2100001162	2406
2100001658	2407
2100002677	2408
2100002681	2409
2100001695	2410
2100000058	2411
2100002688	2412
2100002687	2413
2100002689	2414
2100002691	2415
2100002640	2416
2100002695	2417
2100001539	2418
2100002701	2419
2100002080	2420
2100002719	2421
2100002717	2422
2100002725	2423
2100002442	2424
2100002727	2425
2100002561	2426
2100002890	2427
2100002737	2428
2100002188	2429
2100002741	2430
2100002745	2431
2100002749	2432
2100002751	2433
2100002753	2434
2100002277	2435
2100000954	2436
2100002283	2437
2100003188	2438
2100003182	2439
2100002755	2440
2100002761	2441
2100003060	2442
2100000031	2443
2100002763	2444
2100002768	2445
2100002769	2446
2100000379	2447
2100000977	2448
2100000157	2449
2100001683	2450
2100001239	2451
2100003078	2452
2100002830	2453
2100001077	2454
2100000568	2455
2100001078	2456
2100002206	2457
2100002234	2458
2100001534	2459
2100002967	2460
2100001287	2461
2100000073	2462
2100002428	2463
2100002435	2464
2100002264	2465
2100002713	2466
2100001002	2467
2100000773	2468
2100001903	2469
2100003091	2470
2100001311	2471
2100003111	2472
2100002747	2473
2100001870	2474
2100000085	2475
2100002018	2476
2100000774	2477
2100001415	2478
2100003067	2479
2100000734	2480
2100002775	2481
2100000648	2482
2100002279	2483
2100000578	2484
2100000488	2485
2100003116	2486
2100002321	2487
2100003031	2488
2100001180	2489
2100002253	2490
2100000584	2491
2100002373	2492
2100001958	2493
2100002400	2494
2100002754	2495
2100002690	2496
2100000862	2497
2100002268	2498
2100002270	2499
2100000850	2500
2100002672	2501
2100001810	2502
2100000341	2503
2100000329	2504
2100000335	2505
2100000331	2506
2100000318	2507
2100001257	2508
2100001876	2509
2100001703	2510
2100001263	2511
2100002320	2512
2100001281	2513
2100001283	2514
2100003168	2515
2100000032	2516
2100001296	2517
2100002844	2518
2100001305	2519
2100001313	2520
2100001424	2521
2100001321	2522
2100001319	2523
2100002334	2524
2100002984	2525
2100001349	2526
2100001353	2527
2100001351	2528
2100001355	2529
2100002696	2530
2100001363	2531
2100002706	2532
2100001394	2533
2100001384	2534
2100001406	2535
2100002910	2536
2100001425	2537
2100001427	2538
2100001423	2539
2100001421	2540
2100001438	2541
2100001698	2542
2100001451	2543
2100001457	2544
2100002596	2545
2100001454	2546
2100002249	2547
2100003199	2548
2100003197	2549
2100002849	2550
2100002851	2551
2100002853	2552
2100000674	2553
2100002023	2554
2100002679	2555
2100002526	2556
2100002531	2557
2100003143	2558
2100002146	2559
2100003154	2560
2100002798	2561
2100002879	2562
2100002873	2563
2100002871	2564
2100002877	2565
2100002881	2566
2100002887	2567
2100002885	2568
2100002889	2569
2100002750	2570
2100002903	2571
2100002901	2572
2100002937	2573
2100002939	2574
2100002943	2575
2100001714	2576
2100002973	2577
2100002971	2578
2100002975	2579
2100000874	2580
2100002281	2581
2100002509	2582
2100002987	2583
2100003028	2584
2100002360	2585
2100001074	2586
2100002632	2587
2100003160	2588
2100001282	2589
2100002274	2590
2100002510	2591
2100002972	2592
2100000902	2593
2100003073	2594
2100003075	2595
2100002900	2596
2100003081	2597
2100003083	2598
2100002792	2599
2100003095	2600
2100003109	2601
2100000040	2602
2100001586	2603
2100002135	2604
2100002286	2605
2100001206	2606
2100003161	2607
2100003159	2608
2100003163	2609
2100003165	2610
2100002060	2611
2100002897	2612
2100002899	2613
2100002918	2614
2100002924	2615
2100002944	2616
2100002907	2617
2100002909	2618
2100002911	2619
2100000373	2620
2100002923	2621
2100002921	2622
2100002919	2623
2100002925	2624
2100002936	2625
2100002420	2626
2100002930	2627
2100002933	2628
2100002042	2629
2100002947	2630
2100001884	2631
2100002238	2632
2100003046	2633
2100001222	2634
2100001194	2635
2100001990	2636
2100002957	2637
2100001576	2638
2100002959	2639
2100002961	2640
2100002818	2641
2100002964	2642
2100002969	2643
2100000968	2644
2100001246	2645
2100002979	2646
2100002981	2647
2100002983	2648
2100002985	2649
2100002991	2650
2100001224	2651
2100002995	2652
2100002997	2653
2100002993	2654
2100002999	2655
2100001014	2656
2100003009	2657
2100003005	2658
2100003007	2659
2100003013	2660
2100003012	2661
2100003015	2662
2100003019	2663
2100003023	2664
2100003021	2665
2100003118	2666
2100002888	2667
2100002841	2668
2100003033	2669
2100003037	2670
2100003039	2671
2100001791	2672
2100001789	2673
2100002626	2674
2100003166	2675
2100001208	2676
2100002514	2677
2100001186	2678
2100002598	2679
2100003044	2680
2100003043	2681
2100003045	2682
2100002183	2683
2100003057	2684
2100003063	2685
2100002602	2686
2100003071	2687
2100003087	2688
2100001694	2689
2100000402	2690
2100001898	2691
2100000973	2692
2100001709	2693
2100001719	2694
2100000184	2695
2100001717	2696
2100001725	2697
2100001732	2698
2100001747	2699
2100001749	2700
2100002058	2701
2100001761	2702
2100001788	2703
2100001762	2704
2100001769	2705
2100001767	2706
2100001771	2707
2100001777	2708
2100001090	2709
2100001785	2710
2100001787	2711
2100001793	2712
2100001602	2713
2100001795	2714
2100001024	2715
2100001796	2716
2100001803	2717
2100001805	2718
2100001807	2719
2100001809	2720
2100001816	2721
2100002066	2722
2100002452	2723
2100001821	2724
2100001823	2725
2100001912	2726
2100001827	2727
2100001833	2728
2100001854	2729
2100001859	2730
2100002162	2731
2100001861	2732
2100001659	2733
2100001715	2734
2100002488	2735
2100001733	2736
2100001739	2737
2100001741	2738
2100002494	2739
2100001766	2740
2100001764	2741
2100001765	2742
2100001763	2743
2100001781	2744
2100001858	2745
2100001938	2746
2100002182	2747
2100003080	2748
2100001835	2749
2100001851	2750
2100001853	2751
2100001857	2752
2100001847	2753
2100001849	2754
2100001867	2755
2100001887	2756
2100001879	2757
2100001881	2758
2100001873	2759
2100001871	2760
2100001877	2761
2100001885	2762
2100001889	2763
2100001891	2764
2100001869	2765
2100001883	2766
2100001968	2767
2100001955	2768
2100002778	2769
2100001973	2770
2100001971	2771
2100001977	2772
2100001969	2773
2100001983	2774
2100001981	2775
2100001970	2776
2100001972	2777
2100001985	2778
2100001984	2779
2100002092	2780
2100001606	2781
2100002007	2782
2100002005	2783
2100002003	2784
2100002001	2785
2100002880	2786
2100002053	2787
2100002056	2788
2100001008	2789
2100002059	2790
2100001109	2791
2100001110	2792
2100002232	2793
2100002225	2794
2100000654	2795
2100001644	2796
2100000834	2797
2100002241	2798
2100001804	2799
2100003212	2800
2100002275	2801
2100002273	2802
2100002410	2803
2100002353	2804
2100002379	2805
2100002380	2806
2100002389	2807
2100002401	2808
2100002413	2809
2100002421	2810
2100002425	2811
2100002455	2812
2100002453	2813
2100001370	2814
2100002493	2815
2100002491	2816
2100002495	2817
2100002497	2818
2100002496	2819
2100002324	2820
2100002492	2821
2100002511	2822
2100002525	2823
2100002527	2824
2100003064	2825
2100000645	2826
2100002537	2827
2100000646	2828
2100001410	2829
2100002570	2830
2100002622	2831
2100002569	2832
2100002576	2833
2100002581	2834
2100002631	2835
2100002639	2836
2100002637	2837
2100002090	2838
2100002643	2839
2100003090	2840
2100002683	2841
2100002709	2842
2100002705	2843
2100002892	2844
2100002846	2845
2100002684	2846
2100002876	2847
2100002002	2848
2100002781	2849
2100002783	2850
2100002805	2851
2100002803	2852
2100002801	2853
2100002799	2854
2100002809	2855
2100001470	2856
2100002208	2857
2100002827	2858
2100002837	2859
2100002839	2860
2100002070	2861
2100002845	2862
2100001634	2863
